-29.3333 -29.3333 0.364145 
-29.3333 -28.6667 0.370746 
-29.3333 -28 0.375761 
-29.3333 -27.3333 0.380273 
-29.3333 -26.6667 0.384069 
-29.3333 -26 0.386485 
-29.3333 -25.3333 0.388486 
-29.3333 -24.6667 0.39 
-29.3333 -24 0.3913 
-29.3333 -23.3333 0.392642 
-29.3333 -22.6667 0.394946 
-29.3333 -22 0.398284 
-29.3333 -21.3333 0.402605 
-29.3333 -20.6667 0.410122 
-29.3333 -20 0.418777 
-29.3333 -19.3333 0.428567 
-29.3333 -18.6667 0.440476 
-29.3333 -18 0.450186 
-29.3333 -17.3333 0.45861 
-29.3333 -16.6667 0.465969 
-29.3333 -16 0.470216 
-29.3333 -15.3333 0.472043 
-29.3333 -14.6667 0.471899 
-29.3333 -14 0.470851 
-29.3333 -13.3333 0.468733 
-29.3333 -12.6667 0.467038 
-29.3333 -12 0.467067 
-29.3333 -11.3333 0.46735 
-29.3333 -10.6667 0.469814 
-29.3333 -10 0.473936 
-29.3333 -9.33334 0.478181 
-29.3333 -8.66668 0.484281 
-29.3333 -8.00001 0.490769 
-29.3333 -7.33334 0.496931 
-29.3333 -6.66668 0.504629 
-29.3333 -6.00001 0.511641 
-29.3333 -5.33334 0.516979 
-29.3333 -4.66668 0.522621 
-29.3333 -4.00001 0.527119 
-29.3333 -3.33334 0.529447 
-29.3333 -2.66668 0.531697 
-29.3333 -2.00001 0.533878 
-29.3333 -1.33334 0.534575 
-29.3333 -0.666677 0.536368 
-29.3333 -1.01328e-05 0.539234 
-29.3333 0.666657 0.538965 
-29.3333 1.33332 0.540577 
-29.3333 1.99999 0.544662 
-29.3333 2.66666 0.545934 
-29.3333 3.33332 0.550334 
-29.3333 3.99999 0.556252 
-29.3333 4.66666 0.560183 
-29.3333 5.33332 0.567259 
-29.3333 5.99999 0.573271 
-29.3333 6.66666 0.576662 
-29.3333 7.33332 0.578987 
-29.3333 7.99999 0.579865 
-29.3333 8.66666 0.575834 
-29.3333 9.33332 0.569817 
-29.3333 9.99999 0.5638 
-29.3333 10.6667 0.554446 
-29.3333 11.3333 0.545565 
-29.3333 12 0.539365 
-29.3333 12.6667 0.534239 
-29.3333 13.3333 0.533003 
-29.3333 14 0.537155 
-29.3333 14.6667 0.541062 
-29.3333 15.3333 0.549859 
-29.3333 16 0.56054 
-29.3333 16.6667 0.568671 
-29.3333 17.3333 0.578937 
-29.3333 18 0.586989 
-29.3333 18.6667 0.589758 
-29.3333 19.3333 0.590805 
-29.3333 20 0.58787 
-29.3333 20.6667 0.58103 
-29.3333 21.3333 0.572448 
-29.3333 22 0.564413 
-29.3333 22.6667 0.555016 
-29.3333 23.3333 0.546256 
-29.3333 24 0.543301 
-29.3333 24.6667 0.54001 
-29.3333 25.3333 0.54232 
-29.3333 26 0.549717 
-29.3333 26.6667 0.557907 
-29.3333 27.3333 0.571826 
-29.3333 28 0.585595 
-29.3333 28.6666 0.595945 
-29.3333 29.3333 0.606617 
-29.3333 30 0.613299 
-28.6667 -29.3333 0.363658 
-28.6667 -28.6667 0.369588 
-28.6667 -28 0.374379 
-28.6667 -27.3333 0.378087 
-28.6667 -26.6667 0.381704 
-28.6667 -26 0.384669 
-28.6667 -25.3333 0.386775 
-28.6667 -24.6667 0.389393 
-28.6667 -24 0.392308 
-28.6667 -23.3333 0.39451 
-28.6667 -22.6667 0.398138 
-28.6667 -22 0.402772 
-28.6667 -21.3333 0.407352 
-28.6667 -20.6667 0.415043 
-28.6667 -20 0.423726 
-28.6667 -19.3333 0.432397 
-28.6667 -18.6667 0.443004 
-28.6667 -18 0.451782 
-28.6667 -17.3333 0.458765 
-28.6667 -16.6667 0.464858 
-28.6667 -16 0.468489 
-28.6667 -15.3333 0.469575 
-28.6667 -14.6667 0.469315 
-28.6667 -14 0.468994 
-28.6667 -13.3333 0.467766 
-28.6667 -12.6667 0.467914 
-28.6667 -12 0.469859 
-28.6667 -11.3333 0.471535 
-28.6667 -10.6667 0.475332 
-28.6667 -10 0.480127 
-28.6667 -9.33334 0.48443 
-28.6667 -8.66668 0.490156 
-28.6667 -8.00001 0.495949 
-28.6667 -7.33334 0.501088 
-28.6667 -6.66668 0.507447 
-28.6667 -6.00001 0.513295 
-28.6667 -5.33334 0.517439 
-28.6667 -4.66668 0.521882 
-28.6667 -4.00001 0.525665 
-28.6667 -3.33334 0.527697 
-28.6667 -2.66668 0.529909 
-28.6667 -2.00001 0.532365 
-28.6667 -1.33334 0.533811 
-28.6667 -0.666677 0.536678 
-28.6667 -1.01328e-05 0.540399 
-28.6667 0.666657 0.541259 
-28.6667 1.33332 0.544931 
-28.6667 1.99999 0.549066 
-28.6667 2.66666 0.552338 
-28.6667 3.33332 0.558207 
-28.6667 3.99999 0.565773 
-28.6667 4.66666 0.570783 
-28.6667 5.33332 0.577954 
-28.6667 5.99999 0.584663 
-28.6667 6.66666 0.587005 
-28.6667 7.33332 0.588754 
-28.6667 7.99999 0.586457 
-28.6667 8.66666 0.579368 
-28.6667 9.33332 0.569283 
-28.6667 9.99999 0.559448 
-28.6667 10.6667 0.545799 
-28.6667 11.3333 0.531044 
-28.6667 12 0.52349 
-28.6667 12.6667 0.515821 
-28.6667 13.3333 0.514417 
-28.6667 14 0.519453 
-28.6667 14.6667 0.525822 
-28.6667 15.3333 0.53955 
-28.6667 16 0.554006 
-28.6667 16.6667 0.567253 
-28.6667 17.3333 0.582572 
-28.6667 18 0.593855 
-28.6667 18.6667 0.599664 
-28.6667 19.3333 0.602985 
-28.6667 20 0.602502 
-28.6667 20.6667 0.596671 
-28.6667 21.3333 0.587867 
-28.6667 22 0.581294 
-28.6667 22.6667 0.570968 
-28.6667 23.3333 0.561777 
-28.6667 24 0.557847 
-28.6667 24.6667 0.553622 
-28.6667 25.3333 0.554558 
-28.6667 26 0.560116 
-28.6667 26.6667 0.566116 
-28.6667 27.3333 0.57786 
-28.6667 28 0.588707 
-28.6667 28.6666 0.59623 
-28.6667 29.3333 0.604831 
-28.6667 30 0.608854 
-28 -29.3333 0.364067 
-28 -28.6667 0.369429 
-28 -28 0.373889 
-28 -27.3333 0.377238 
-28 -26.6667 0.380773 
-28 -26 0.384181 
-28 -25.3333 0.386806 
-28 -24.6667 0.390329 
-28 -24 0.394355 
-28 -23.3333 0.397385 
-28 -22.6667 0.401864 
-28 -22 0.407302 
-28 -21.3333 0.412267 
-28 -20.6667 0.419919 
-28 -20 0.428211 
-28 -19.3333 0.435853 
-28 -18.6667 0.444905 
-28 -18 0.452564 
-28 -17.3333 0.458113 
-28 -16.6667 0.463002 
-28 -16 0.466324 
-28 -15.3333 0.466977 
-28 -14.6667 0.467062 
-28 -14 0.467918 
-28 -13.3333 0.46777 
-28 -12.6667 0.469581 
-28 -12 0.473319 
-28 -11.3333 0.476098 
-28 -10.6667 0.480935 
-28 -10 0.486463 
-28 -9.33334 0.490681 
-28 -8.66668 0.496095 
-28 -8.00001 0.501608 
-28 -7.33334 0.505649 
-28 -6.66668 0.510799 
-28 -6.00001 0.515956 
-28 -5.33334 0.518793 
-28 -4.66668 0.522108 
-28 -4.00001 0.525606 
-28 -3.33334 0.526955 
-28 -2.66668 0.529011 
-28 -2.00001 0.532011 
-28 -1.33334 0.533469 
-28 -0.666677 0.536817 
-28 -1.01328e-05 0.541559 
-28 0.666657 0.543211 
-28 1.33332 0.546948 
-28 1.99999 0.55224 
-28 2.66666 0.556541 
-28 3.33332 0.563552 
-28 3.99999 0.57129 
-28 4.66666 0.577318 
-28 5.33332 0.586118 
-28 5.99999 0.592673 
-28 6.66666 0.595386 
-28 7.33332 0.595224 
-28 7.99999 0.591701 
-28 8.66666 0.583119 
-28 9.33332 0.568235 
-28 9.99999 0.555038 
-28 10.6667 0.538676 
-28 11.3333 0.522145 
-28 12 0.512199 
-28 12.6667 0.504039 
-28 13.3333 0.503057 
-28 14 0.509535 
-28 14.6667 0.518865 
-28 15.3333 0.534953 
-28 16 0.552932 
-28 16.6667 0.568978 
-28 17.3333 0.587632 
-28 18 0.60087 
-28 18.6667 0.609107 
-28 19.3333 0.614088 
-28 20 0.614888 
-28 20.6667 0.609993 
-28 21.3333 0.60246 
-28 22 0.59426 
-28 22.6667 0.585349 
-28 23.3333 0.576246 
-28 24 0.5719 
-28 24.6667 0.568288 
-28 25.3333 0.567662 
-28 26 0.572012 
-28 26.6667 0.576285 
-28 27.3333 0.584082 
-28 28 0.591899 
-28 28.6666 0.596814 
-28 29.3333 0.601173 
-28 30 0.603467 
-27.3333 -29.3333 0.362932 
-27.3333 -28.6667 0.36774 
-27.3333 -28 0.372077 
-27.3333 -27.3333 0.374879 
-27.3333 -26.6667 0.378503 
-27.3333 -26 0.382614 
-27.3333 -25.3333 0.385559 
-27.3333 -24.6667 0.390069 
-27.3333 -24 0.395221 
-27.3333 -23.3333 0.398707 
-27.3333 -22.6667 0.404069 
-27.3333 -22 0.410367 
-27.3333 -21.3333 0.415486 
-27.3333 -20.6667 0.423067 
-27.3333 -20 0.431044 
-27.3333 -19.3333 0.437325 
-27.3333 -18.6667 0.444539 
-27.3333 -18 0.451097 
-27.3333 -17.3333 0.455123 
-27.3333 -16.6667 0.458641 
-27.3333 -16 0.461825 
-27.3333 -15.3333 0.462263 
-27.3333 -14.6667 0.462841 
-27.3333 -14 0.465245 
-27.3333 -13.3333 0.466313 
-27.3333 -12.6667 0.469692 
-27.3333 -12 0.475285 
-27.3333 -11.3333 0.479226 
-27.3333 -10.6667 0.484825 
-27.3333 -10 0.491283 
-27.3333 -9.33334 0.495786 
-27.3333 -8.66668 0.500699 
-27.3333 -8.00001 0.506153 
-27.3333 -7.33334 0.509435 
-27.3333 -6.66668 0.512902 
-27.3333 -6.00001 0.517493 
-27.3333 -5.33334 0.519433 
-27.3333 -4.66668 0.52129 
-27.3333 -4.00001 0.52468 
-27.3333 -3.33334 0.52582 
-27.3333 -2.66668 0.527289 
-27.3333 -2.00001 0.530913 
-27.3333 -1.33334 0.53262 
-27.3333 -0.666677 0.536253 
-27.3333 -1.01328e-05 0.541015 
-27.3333 0.666657 0.542341 
-27.3333 1.33332 0.546559 
-27.3333 1.99999 0.552486 
-27.3333 2.66666 0.556574 
-27.3333 3.33332 0.565329 
-27.3333 3.99999 0.573982 
-27.3333 4.66666 0.580368 
-27.3333 5.33332 0.589838 
-27.3333 5.99999 0.596857 
-27.3333 6.66666 0.599254 
-27.3333 7.33332 0.59822 
-27.3333 7.99999 0.593715 
-27.3333 8.66666 0.582482 
-27.3333 9.33332 0.566269 
-27.3333 9.99999 0.550436 
-27.3333 10.6667 0.532384 
-27.3333 11.3333 0.513788 
-27.3333 12 0.50332 
-27.3333 12.6667 0.495012 
-27.3333 13.3333 0.494803 
-27.3333 14 0.503524 
-27.3333 14.6667 0.514241 
-27.3333 15.3333 0.534229 
-27.3333 16 0.555124 
-27.3333 16.6667 0.573197 
-27.3333 17.3333 0.594947 
-27.3333 18 0.609093 
-27.3333 18.6667 0.617865 
-27.3333 19.3333 0.624346 
-27.3333 20 0.624819 
-27.3333 20.6667 0.619667 
-27.3333 21.3333 0.612409 
-27.3333 22 0.604449 
-27.3333 22.6667 0.595546 
-27.3333 23.3333 0.586877 
-27.3333 24 0.58313 
-27.3333 24.6667 0.579041 
-27.3333 25.3333 0.578295 
-27.3333 26 0.582088 
-27.3333 26.6667 0.584166 
-27.3333 27.3333 0.588909 
-27.3333 28 0.594189 
-27.3333 28.6666 0.595308 
-27.3333 29.3333 0.595992 
-27.3333 30 0.59603 
-26.6667 -29.3333 0.362349 
-26.6667 -28.6667 0.366855 
-26.6667 -28 0.370204 
-26.6667 -27.3333 0.3734 
-26.6667 -26.6667 0.377698 
-26.6667 -26 0.381723 
-26.6667 -25.3333 0.385858 
-26.6667 -24.6667 0.39163 
-26.6667 -24 0.396846 
-26.6667 -23.3333 0.401637 
-26.6667 -22.6667 0.408144 
-26.6667 -22 0.41417 
-26.6667 -21.3333 0.419999 
-26.6667 -20.6667 0.427548 
-26.6667 -20 0.433739 
-26.6667 -19.3333 0.439038 
-26.6667 -18.6667 0.444725 
-26.6667 -18 0.44867 
-26.6667 -17.3333 0.451537 
-26.6667 -16.6667 0.454302 
-26.6667 -16 0.456036 
-26.6667 -15.3333 0.45693 
-26.6667 -14.6667 0.459078 
-26.6667 -14 0.461905 
-26.6667 -13.3333 0.464963 
-26.6667 -12.6667 0.470958 
-26.6667 -12 0.477151 
-26.6667 -11.3333 0.482953 
-26.6667 -10.6667 0.490697 
-26.6667 -10 0.496746 
-26.6667 -9.33334 0.501952 
-26.6667 -8.66668 0.507567 
-26.6667 -8.00001 0.511238 
-26.6667 -7.33334 0.513854 
-26.6667 -6.66668 0.516843 
-26.6667 -6.00001 0.51916 
-26.6667 -5.33334 0.52049 
-26.6667 -4.66668 0.522534 
-26.6667 -4.00001 0.524472 
-26.6667 -3.33334 0.525821 
-26.6667 -2.66668 0.528381 
-26.6667 -2.00001 0.530926 
-26.6667 -1.33334 0.53298 
-26.6667 -0.666677 0.536915 
-26.6667 -1.01328e-05 0.540673 
-26.6667 0.666657 0.541646 
-26.6667 1.33332 0.545959 
-26.6667 1.99999 0.551744 
-26.6667 2.66666 0.556728 
-26.6667 3.33332 0.565139 
-26.6667 3.99999 0.574423 
-26.6667 4.66666 0.581237 
-26.6667 5.33332 0.59017 
-26.6667 5.99999 0.597221 
-26.6667 6.66666 0.599909 
-26.6667 7.33332 0.598673 
-26.6667 7.99999 0.592991 
-26.6667 8.66666 0.581726 
-26.6667 9.33332 0.563697 
-26.6667 9.99999 0.547453 
-26.6667 10.6667 0.528529 
-26.6667 11.3333 0.510374 
-26.6667 12 0.500886 
-26.6667 12.6667 0.493682 
-26.6667 13.3333 0.496448 
-26.6667 14 0.507359 
-26.6667 14.6667 0.520331 
-26.6667 15.3333 0.543484 
-26.6667 16 0.564887 
-26.6667 16.6667 0.584696 
-26.6667 17.3333 0.605984 
-26.6667 18 0.620917 
-26.6667 18.6667 0.628495 
-26.6667 19.3333 0.632548 
-26.6667 20 0.632084 
-26.6667 20.6667 0.626069 
-26.6667 21.3333 0.617155 
-26.6667 22 0.610331 
-26.6667 22.6667 0.60113 
-26.6667 23.3333 0.593836 
-26.6667 24 0.592074 
-26.6667 24.6667 0.58901 
-26.6667 25.3333 0.589341 
-26.6667 26 0.592455 
-26.6667 26.6667 0.59364 
-26.6667 27.3333 0.596621 
-26.6667 28 0.598195 
-26.6667 28.6666 0.595639 
-26.6667 29.3333 0.592099 
-26.6667 30 0.588441 
-26 -29.3333 0.3626 
-26 -28.6667 0.366446 
-26 -28 0.369988 
-26 -27.3333 0.373459 
-26 -26.6667 0.37793 
-26 -26 0.38275 
-26 -25.3333 0.387531 
-26 -24.6667 0.393558 
-26 -24 0.399591 
-26 -23.3333 0.405084 
-26 -22.6667 0.411831 
-26 -22 0.418345 
-26 -21.3333 0.424294 
-26 -20.6667 0.430932 
-26 -20 0.436532 
-26 -19.3333 0.441022 
-26 -18.6667 0.444804 
-26 -18 0.447848 
-26 -17.3333 0.449858 
-26 -16.6667 0.451155 
-26 -16 0.452805 
-26 -15.3333 0.454016 
-26 -14.6667 0.456245 
-26 -14 0.460335 
-26 -13.3333 0.464829 
-26 -12.6667 0.47157 
-26 -12 0.479281 
-26 -11.3333 0.486709 
-26 -10.6667 0.494835 
-26 -10 0.501908 
-26 -9.33334 0.507773 
-26 -8.66668 0.512311 
-26 -8.00001 0.515955 
-26 -7.33334 0.518369 
-26 -6.66668 0.519471 
-26 -6.00001 0.521566 
-26 -5.33334 0.522949 
-26 -4.66668 0.52391 
-26 -4.00001 0.52644 
-26 -3.33334 0.528662 
-26 -2.66668 0.530578 
-26 -2.00001 0.533649 
-26 -1.33334 0.536359 
-26 -0.666677 0.5394 
-26 -1.01328e-05 0.542407 
-26 0.666657 0.542834 
-26 1.33332 0.545645 
-26 1.99999 0.550917 
-26 2.66666 0.555104 
-26 3.33332 0.563825 
-26 3.99999 0.571711 
-26 4.66666 0.578382 
-26 5.33332 0.587708 
-26 5.99999 0.594256 
-26 6.66666 0.596969 
-26 7.33332 0.59541 
-26 7.99999 0.590016 
-26 8.66666 0.578919 
-26 9.33332 0.56292 
-26 9.99999 0.547112 
-26 10.6667 0.530225 
-26 11.3333 0.51496 
-26 12 0.507379 
-26 12.6667 0.503763 
-26 13.3333 0.508239 
-26 14 0.520458 
-26 14.6667 0.535092 
-26 15.3333 0.558147 
-26 16 0.57948 
-26 16.6667 0.598495 
-26 17.3333 0.617472 
-26 18 0.629164 
-26 18.6667 0.634504 
-26 19.3333 0.636134 
-26 20 0.632117 
-26 20.6667 0.6247 
-26 21.3333 0.615722 
-26 22 0.608989 
-26 22.6667 0.601094 
-26 23.3333 0.595583 
-26 24 0.594657 
-26 24.6667 0.594004 
-26 25.3333 0.596436 
-26 26 0.600381 
-26 26.6667 0.602652 
-26 27.3333 0.603813 
-26 28 0.60345 
-26 28.6666 0.59888 
-26 29.3333 0.591476 
-26 30 0.584726 
-25.3333 -29.3333 0.360759 
-25.3333 -28.6667 0.364628 
-25.3333 -28 0.368375 
-25.3333 -27.3333 0.371575 
-25.3333 -26.6667 0.376704 
-25.3333 -26 0.382117 
-25.3333 -25.3333 0.386858 
-25.3333 -24.6667 0.393696 
-25.3333 -24 0.400334 
-25.3333 -23.3333 0.405802 
-25.3333 -22.6667 0.413315 
-25.3333 -22 0.420183 
-25.3333 -21.3333 0.425392 
-25.3333 -20.6667 0.431836 
-25.3333 -20 0.436856 
-25.3333 -19.3333 0.439843 
-25.3333 -18.6667 0.44299 
-25.3333 -18 0.44522 
-25.3333 -17.3333 0.445831 
-25.3333 -16.6667 0.446953 
-25.3333 -16 0.44848 
-25.3333 -15.3333 0.449106 
-25.3333 -14.6667 0.452427 
-25.3333 -14 0.457402 
-25.3333 -13.3333 0.462137 
-25.3333 -12.6667 0.470735 
-25.3333 -12 0.479471 
-25.3333 -11.3333 0.487165 
-25.3333 -10.6667 0.496994 
-25.3333 -10 0.504356 
-25.3333 -9.33334 0.509595 
-25.3333 -8.66668 0.514708 
-25.3333 -8.00001 0.517666 
-25.3333 -7.33334 0.518818 
-25.3333 -6.66668 0.520205 
-25.3333 -6.00001 0.521656 
-25.3333 -5.33334 0.522145 
-25.3333 -4.66668 0.524253 
-25.3333 -4.00001 0.526949 
-25.3333 -3.33334 0.528854 
-25.3333 -2.66668 0.532362 
-25.3333 -2.00001 0.535527 
-25.3333 -1.33334 0.53744 
-25.3333 -0.666677 0.540557 
-25.3333 -1.01328e-05 0.543334 
-25.3333 0.666657 0.542519 
-25.3333 1.33332 0.544285 
-25.3333 1.99999 0.549017 
-25.3333 2.66666 0.551986 
-25.3333 3.33332 0.559283 
-25.3333 3.99999 0.566624 
-25.3333 4.66666 0.572701 
-25.3333 5.33332 0.580275 
-25.3333 5.99999 0.586552 
-25.3333 6.66666 0.588989 
-25.3333 7.33332 0.587647 
-25.3333 7.99999 0.584171 
-25.3333 8.66666 0.574471 
-25.3333 9.33332 0.561066 
-25.3333 9.99999 0.548653 
-25.3333 10.6667 0.535106 
-25.3333 11.3333 0.523336 
-25.3333 12 0.519561 
-25.3333 12.6667 0.518013 
-25.3333 13.3333 0.525234 
-25.3333 14 0.539622 
-25.3333 14.6667 0.554202 
-25.3333 15.3333 0.576437 
-25.3333 16 0.596335 
-25.3333 16.6667 0.611695 
-25.3333 17.3333 0.627244 
-25.3333 18 0.634899 
-25.3333 18.6667 0.635914 
-25.3333 19.3333 0.633126 
-25.3333 20 0.626288 
-25.3333 20.6667 0.61715 
-25.3333 21.3333 0.605855 
-25.3333 22 0.598703 
-25.3333 22.6667 0.592105 
-25.3333 23.3333 0.588879 
-25.3333 24 0.591106 
-25.3333 24.6667 0.592925 
-25.3333 25.3333 0.598368 
-25.3333 26 0.60475 
-25.3333 26.6667 0.608293 
-25.3333 27.3333 0.609271 
-25.3333 28 0.609019 
-25.3333 28.6666 0.602492 
-25.3333 29.3333 0.59225 
-25.3333 30 0.583069 
-24.6667 -29.3333 0.360392 
-24.6667 -28.6667 0.363762 
-24.6667 -28 0.3678 
-24.6667 -27.3333 0.371135 
-24.6667 -26.6667 0.376349 
-24.6667 -26 0.382384 
-24.6667 -25.3333 0.387566 
-24.6667 -24.6667 0.394645 
-24.6667 -24 0.401914 
-24.6667 -23.3333 0.407728 
-24.6667 -22.6667 0.415141 
-24.6667 -22 0.422187 
-24.6667 -21.3333 0.427016 
-24.6667 -20.6667 0.432522 
-24.6667 -20 0.437148 
-24.6667 -19.3333 0.439443 
-24.6667 -18.6667 0.441621 
-24.6667 -18 0.443617 
-24.6667 -17.3333 0.443743 
-24.6667 -16.6667 0.444253 
-24.6667 -16 0.446037 
-24.6667 -15.3333 0.446751 
-24.6667 -14.6667 0.450213 
-24.6667 -14 0.456148 
-24.6667 -13.3333 0.461654 
